7.036328125000000000e+01
1.327617187500000000e+02
7.228515625000000000e+01
1.552070312500000000e+02
7.228515625000000000e+01
1.657695312500000000e+02
7.420703125000000000e+01
1.789726562500000000e+02
8.093359375000000000e+01
1.921757812500000000e+02
8.958203125000000000e+01
2.014179687500000000e+02
9.919140625000000000e+01
2.053789062500000000e+02
1.126445312500000000e+02
2.066992187500000000e+02
1.251367187500000000e+02
2.066992187500000000e+02
1.395507812500000000e+02
2.066992187500000000e+02
1.539648437500000000e+02
2.066992187500000000e+02
1.645351562500000000e+02
2.027382812500000000e+02
1.731835937500000000e+02
1.948164062500000000e+02
1.818320312500000000e+02
1.829335937500000000e+02
1.856757812500000000e+02
1.684101562500000000e+02
1.866367187500000000e+02
1.591679687500000000e+02
1.875976562500000000e+02
1.274804687500000000e+02
7.708984375000000000e+01
1.050351562500000000e+02
8.477734375000000000e+01
9.843359375000000000e+01
9.390625000000000000e+01
9.711328125000000000e+01
1.030351562500000000e+02
9.777343750000000000e+01
1.121640625000000000e+02
9.975390625000000000e+01
1.366679687500000000e+02
1.010742187500000000e+02
1.462773437500000000e+02
9.777343750000000000e+01
1.568476562500000000e+02
9.513281250000000000e+01
1.683789062500000000e+02
9.513281250000000000e+01
1.779882812500000000e+02
1.023945312500000000e+02
1.270585937500000000e+02
1.195585937500000000e+02
1.270585937500000000e+02
1.314414062500000000e+02
1.270585937500000000e+02
1.433242187500000000e+02
1.270585937500000000e+02
1.552070312500000000e+02
1.164882812500000000e+02
1.644492187500000000e+02
1.222539062500000000e+02
1.644492187500000000e+02
1.270585937500000000e+02
1.657695312500000000e+02
1.328242187500000000e+02
1.644492187500000000e+02
1.376289062500000000e+02
1.631289062500000000e+02
8.381640625000000000e+01
1.235195312500000000e+02
9.054296875000000000e+01
1.182382812500000000e+02
1.039960937500000000e+02
1.169179687500000000e+02
1.088007812500000000e+02
1.221992187500000000e+02
1.039960937500000000e+02
1.261601562500000000e+02
9.054296875000000000e+01
1.261601562500000000e+02
1.453164062500000000e+02
1.235195312500000000e+02
1.510820312500000000e+02
1.169179687500000000e+02
1.674179687500000000e+02
1.182382812500000000e+02
1.722226562500000000e+02
1.221992187500000000e+02
1.674179687500000000e+02
1.274804687500000000e+02
1.520429687500000000e+02
1.261601562500000000e+02
1.049570312500000000e+02
1.776523437500000000e+02
1.136054687500000000e+02
1.763320312500000000e+02
1.232148437500000000e+02
1.763320312500000000e+02
1.260976562500000000e+02
1.763320312500000000e+02
1.299414062500000000e+02
1.763320312500000000e+02
1.385898437500000000e+02
1.776523437500000000e+02
1.462773437500000000e+02
1.789726562500000000e+02
1.405117187500000000e+02
1.842539062500000000e+02
1.337851562500000000e+02
1.895351562500000000e+02
1.260976562500000000e+02
1.908554687500000000e+02
1.184101562500000000e+02
1.895351562500000000e+02
1.107226562500000000e+02
1.842539062500000000e+02
1.059179687500000000e+02
1.776523437500000000e+02
1.164882812500000000e+02
1.802929687500000000e+02
1.260976562500000000e+02
1.816132812500000000e+02
1.357070312500000000e+02
1.816132812500000000e+02
1.453164062500000000e+02
1.789726562500000000e+02
1.357070312500000000e+02
1.816132812500000000e+02
1.260976562500000000e+02
1.829335937500000000e+02
1.155273437500000000e+02
1.816132812500000000e+02
